function [ madj ] = de_ja_writer_adj_mat()
% adjacent 136x136 matrix generated by GraphExtractor
% GraphExtractor (C) 2012 Hitoshi Yamauchi, Sunday Research
% sparse(1:n, 1:n, 1) create sparse I
madj = sparse(136, 136);
madj(1,36) = 1;
madj(1,28) = 1;
madj(2,20) = 1;
madj(3,94) = 1;
madj(5,18) = 1;
madj(6,85) = 1;
madj(8,120) = 1;
madj(9,120) = 1;
madj(9,112) = 1;
madj(12,20) = 1;
madj(14,20) = 1;
madj(17,99) = 1;
madj(17,100) = 1;
madj(18,5) = 1;
madj(20,129) = 1;
madj(20,65) = 1;
madj(20,3) = 1;
madj(20,10) = 1;
madj(20,11) = 1;
madj(20,12) = 1;
madj(20,13) = 1;
madj(20,14) = 1;
madj(20,19) = 1;
madj(20,22) = 1;
madj(20,55) = 1;
madj(20,120) = 1;
madj(20,121) = 1;
madj(20,118) = 1;
madj(22,129) = 1;
madj(22,120) = 1;
madj(22,36) = 1;
madj(22,39) = 1;
madj(22,112) = 1;
madj(23,100) = 1;
madj(23,109) = 1;
madj(23,15) = 1;
madj(23,60) = 1;
madj(23,36) = 1;
madj(23,28) = 1;
madj(24,48) = 1;
madj(28,100) = 1;
madj(28,1) = 1;
madj(28,36) = 1;
madj(28,69) = 1;
madj(28,50) = 1;
madj(30,19) = 1;
madj(30,52) = 1;
madj(30,126) = 1;
madj(32,30) = 1;
madj(34,99) = 1;
madj(36,132) = 1;
madj(36,72) = 1;
madj(36,110) = 1;
madj(36,22) = 1;
madj(36,120) = 1;
madj(36,62) = 1;
madj(37,51) = 1;
madj(37,30) = 1;
madj(43,120) = 1;
madj(44,17) = 1;
madj(44,108) = 1;
madj(47,129) = 1;
madj(47,57) = 1;
madj(47,13) = 1;
madj(47,79) = 1;
madj(48,125) = 1;
madj(48,24) = 1;
madj(51,30) = 1;
madj(54,107) = 1;
madj(54,120) = 1;
madj(57,104) = 1;
madj(57,46) = 1;
madj(57,112) = 1;
madj(58,77) = 1;
madj(58,79) = 1;
madj(60,61) = 1;
madj(61,60) = 1;
madj(67,120) = 1;
madj(69,36) = 1;
madj(69,72) = 1;
madj(69,28) = 1;
madj(69,61) = 1;
madj(69,62) = 1;
madj(69,32) = 1;
madj(71,31) = 1;
madj(72,61) = 1;
madj(72,69) = 1;
madj(74,114) = 1;
madj(75,104) = 1;
madj(77,58) = 1;
madj(77,79) = 1;
madj(79,33) = 1;
madj(79,58) = 1;
madj(79,77) = 1;
madj(81,36) = 1;
madj(85,30) = 1;
madj(86,129) = 1;
madj(86,99) = 1;
madj(86,36) = 1;
madj(86,134) = 1;
madj(86,39) = 1;
madj(86,108) = 1;
madj(86,13) = 1;
madj(86,79) = 1;
madj(86,30) = 1;
madj(86,81) = 1;
madj(86,19) = 1;
madj(86,85) = 1;
madj(86,122) = 1;
madj(86,26) = 1;
madj(86,62) = 1;
madj(86,38) = 1;
madj(99,68) = 1;
madj(99,70) = 1;
madj(99,109) = 1;
madj(99,13) = 1;
madj(99,14) = 1;
madj(99,79) = 1;
madj(99,20) = 1;
madj(99,86) = 1;
madj(99,120) = 1;
madj(99,122) = 1;
madj(99,134) = 1;
madj(100,69) = 1;
madj(100,36) = 1;
madj(100,4) = 1;
madj(100,61) = 1;
madj(100,31) = 1;
madj(102,123) = 1;
madj(102,112) = 1;
madj(102,120) = 1;
madj(105,3) = 1;
madj(105,94) = 1;
madj(105,112) = 1;
madj(108,106) = 1;
madj(108,44) = 1;
madj(111,99) = 1;
madj(112,129) = 1;
madj(112,135) = 1;
madj(114,36) = 1;
madj(114,69) = 1;
madj(114,72) = 1;
madj(114,81) = 1;
madj(114,50) = 1;
madj(114,100) = 1;
madj(114,89) = 1;
madj(114,61) = 1;
madj(114,62) = 1;
madj(124,69) = 1;
madj(129,9) = 1;
madj(129,67) = 1;
madj(129,109) = 1;
madj(129,47) = 1;
madj(129,112) = 1;
madj(134,99) = 1;
madj(134,36) = 1;
madj(134,86) = 1;
madj(136,36) = 1;
