function [ madj ] = en_de_writer_adj_mat()
% adjacent 465x465 matrix generated by GraphExtractor
% GraphExtractor (C) 2012 Hitoshi Yamauchi, Sunday Research
% sparse(1:n, 1:n, 1) create sparse I
madj = sparse(465, 465);
madj(3,4) = 1;
madj(4,3) = 1;
madj(5,352) = 1;
madj(8,21) = 1;
madj(8,133) = 1;
madj(8,255) = 1;
madj(8,383) = 1;
madj(10,137) = 1;
madj(10,381) = 1;
madj(12,443) = 1;
madj(12,429) = 1;
madj(13,261) = 1;
madj(16,378) = 1;
madj(18,106) = 1;
madj(21,386) = 1;
madj(21,69) = 1;
madj(21,8) = 1;
madj(21,405) = 1;
madj(21,383) = 1;
madj(21,255) = 1;
madj(23,285) = 1;
madj(24,207) = 1;
madj(25,118) = 1;
madj(26,383) = 1;
madj(27,133) = 1;
madj(34,344) = 1;
madj(42,85) = 1;
madj(46,179) = 1;
madj(46,462) = 1;
madj(48,332) = 1;
madj(49,436) = 1;
madj(49,462) = 1;
madj(52,381) = 1;
madj(61,133) = 1;
madj(61,344) = 1;
madj(66,243) = 1;
madj(69,401) = 1;
madj(69,180) = 1;
madj(69,68) = 1;
madj(69,70) = 1;
madj(70,401) = 1;
madj(70,68) = 1;
madj(70,69) = 1;
madj(72,458) = 1;
madj(72,298) = 1;
madj(72,462) = 1;
madj(72,408) = 1;
madj(72,186) = 1;
madj(72,381) = 1;
madj(72,96) = 1;
madj(74,429) = 1;
madj(75,383) = 1;
madj(77,78) = 1;
madj(78,77) = 1;
madj(81,386) = 1;
madj(81,389) = 1;
madj(81,398) = 1;
madj(81,85) = 1;
madj(81,89) = 1;
madj(81,383) = 1;
madj(85,259) = 1;
madj(85,388) = 1;
madj(85,389) = 1;
madj(86,5) = 1;
madj(88,239) = 1;
madj(89,81) = 1;
madj(89,386) = 1;
madj(90,357) = 1;
madj(100,385) = 1;
madj(100,159) = 1;
madj(101,133) = 1;
madj(101,104) = 1;
madj(101,405) = 1;
madj(101,378) = 1;
madj(101,443) = 1;
madj(101,256) = 1;
madj(103,60) = 1;
madj(103,285) = 1;
madj(104,381) = 1;
madj(105,107) = 1;
madj(106,423) = 1;
madj(106,264) = 1;
madj(106,344) = 1;
madj(106,147) = 1;
madj(106,117) = 1;
madj(106,186) = 1;
madj(106,378) = 1;
madj(106,255) = 1;
madj(110,386) = 1;
madj(117,106) = 1;
madj(118,25) = 1;
madj(121,122) = 1;
madj(121,61) = 1;
madj(122,121) = 1;
madj(124,81) = 1;
madj(124,383) = 1;
madj(125,386) = 1;
madj(125,239) = 1;
madj(128,61) = 1;
madj(130,193) = 1;
madj(130,147) = 1;
madj(130,157) = 1;
madj(131,386) = 1;
madj(132,416) = 1;
madj(133,89) = 1;
madj(133,61) = 1;
madj(133,69) = 1;
madj(134,133) = 1;
madj(141,316) = 1;
madj(143,401) = 1;
madj(143,81) = 1;
madj(143,405) = 1;
madj(147,386) = 1;
madj(147,264) = 1;
madj(147,106) = 1;
madj(147,344) = 1;
madj(147,186) = 1;
madj(147,255) = 1;
madj(147,378) = 1;
madj(157,193) = 1;
madj(157,130) = 1;
madj(158,81) = 1;
madj(158,178) = 1;
madj(159,61) = 1;
madj(172,147) = 1;
madj(173,377) = 1;
madj(173,459) = 1;
madj(173,5) = 1;
madj(176,85) = 1;
madj(178,158) = 1;
madj(179,462) = 1;
madj(179,46) = 1;
madj(180,69) = 1;
madj(180,21) = 1;
madj(180,133) = 1;
madj(181,281) = 1;
madj(184,225) = 1;
madj(186,264) = 1;
madj(186,106) = 1;
madj(186,147) = 1;
madj(186,344) = 1;
madj(186,378) = 1;
madj(186,255) = 1;
madj(189,110) = 1;
madj(193,130) = 1;
madj(193,157) = 1;
madj(194,247) = 1;
madj(198,352) = 1;
madj(204,298) = 1;
madj(204,344) = 1;
madj(206,110) = 1;
madj(207,386) = 1;
madj(209,137) = 1;
madj(210,147) = 1;
madj(214,107) = 1;
madj(215,81) = 1;
madj(215,383) = 1;
madj(218,137) = 1;
madj(221,193) = 1;
madj(221,110) = 1;
madj(222,316) = 1;
madj(223,443) = 1;
madj(225,377) = 1;
madj(225,184) = 1;
madj(229,81) = 1;
madj(229,402) = 1;
madj(229,195) = 1;
madj(229,324) = 1;
madj(239,386) = 1;
madj(240,386) = 1;
madj(243,381) = 1;
madj(243,104) = 1;
madj(244,389) = 1;
madj(244,85) = 1;
madj(245,60) = 1;
madj(247,194) = 1;
madj(247,444) = 1;
madj(248,61) = 1;
madj(252,282) = 1;
madj(253,252) = 1;
madj(255,264) = 1;
madj(255,106) = 1;
madj(255,344) = 1;
madj(255,81) = 1;
madj(255,147) = 1;
madj(255,405) = 1;
madj(255,186) = 1;
madj(255,378) = 1;
madj(256,442) = 1;
madj(257,333) = 1;
madj(259,85) = 1;
madj(260,81) = 1;
madj(260,133) = 1;
madj(261,147) = 1;
madj(261,316) = 1;
madj(261,13) = 1;
madj(264,106) = 1;
madj(264,344) = 1;
madj(264,462) = 1;
madj(264,147) = 1;
madj(264,186) = 1;
madj(264,378) = 1;
madj(264,255) = 1;
madj(267,452) = 1;
madj(275,386) = 1;
madj(281,81) = 1;
madj(282,252) = 1;
madj(285,304) = 1;
madj(286,281) = 1;
madj(286,178) = 1;
madj(287,410) = 1;
madj(287,383) = 1;
madj(294,441) = 1;
madj(294,386) = 1;
madj(294,275) = 1;
madj(294,445) = 1;
madj(294,410) = 1;
madj(295,255) = 1;
madj(298,459) = 1;
madj(299,81) = 1;
madj(299,386) = 1;
madj(302,462) = 1;
madj(306,443) = 1;
madj(306,21) = 1;
madj(308,333) = 1;
madj(309,106) = 1;
madj(316,141) = 1;
madj(316,244) = 1;
madj(316,261) = 1;
madj(316,222) = 1;
madj(324,229) = 1;
madj(324,255) = 1;
madj(325,21) = 1;
madj(325,462) = 1;
madj(333,257) = 1;
madj(333,443) = 1;
madj(338,391) = 1;
madj(342,343) = 1;
madj(343,342) = 1;
madj(344,264) = 1;
madj(344,106) = 1;
madj(344,147) = 1;
madj(344,186) = 1;
madj(344,378) = 1;
madj(344,255) = 1;
madj(345,281) = 1;
madj(345,261) = 1;
madj(351,442) = 1;
madj(351,333) = 1;
madj(351,13) = 1;
madj(352,377) = 1;
madj(359,133) = 1;
madj(359,21) = 1;
madj(359,263) = 1;
madj(359,383) = 1;
madj(359,296) = 1;
madj(366,284) = 1;
madj(368,232) = 1;
madj(377,60) = 1;
madj(378,264) = 1;
madj(378,106) = 1;
madj(378,147) = 1;
madj(378,344) = 1;
madj(378,186) = 1;
madj(378,255) = 1;
madj(381,147) = 1;
madj(381,101) = 1;
madj(381,104) = 1;
madj(383,77) = 1;
madj(385,442) = 1;
madj(385,100) = 1;
madj(385,61) = 1;
madj(386,294) = 1;
madj(386,239) = 1;
madj(387,81) = 1;
madj(387,435) = 1;
madj(388,85) = 1;
madj(388,435) = 1;
madj(388,389) = 1;
madj(388,383) = 1;
madj(388,234) = 1;
madj(389,388) = 1;
madj(389,244) = 1;
madj(401,442) = 1;
madj(403,110) = 1;
madj(405,388) = 1;
madj(405,133) = 1;
madj(405,137) = 1;
madj(405,462) = 1;
madj(405,110) = 1;
madj(405,21) = 1;
madj(405,255) = 1;
madj(405,383) = 1;
madj(410,386) = 1;
madj(412,405) = 1;
madj(412,389) = 1;
madj(412,462) = 1;
madj(412,239) = 1;
madj(414,104) = 1;
madj(420,419) = 1;
madj(420,389) = 1;
madj(427,137) = 1;
madj(429,343) = 1;
madj(429,104) = 1;
madj(430,239) = 1;
madj(432,433) = 1;
madj(433,434) = 1;
madj(433,432) = 1;
madj(434,433) = 1;
madj(436,133) = 1;
madj(441,386) = 1;
madj(441,294) = 1;
madj(442,401) = 1;
madj(442,173) = 1;
madj(443,447) = 1;
madj(445,444) = 1;
madj(445,247) = 1;
madj(446,104) = 1;
madj(447,443) = 1;
madj(450,186) = 1;
madj(452,267) = 1;
madj(459,5) = 1;
madj(459,173) = 1;
madj(462,386) = 1;
madj(462,325) = 1;
madj(462,147) = 1;
madj(462,106) = 1;
madj(462,46) = 1;
madj(462,463) = 1;
madj(462,110) = 1;
madj(462,49) = 1;
madj(462,179) = 1;
madj(462,21) = 1;
madj(462,118) = 1;
madj(462,378) = 1;
madj(462,443) = 1;
madj(463,462) = 1;
madj(464,383) = 1;
