function [ madj ] = en_ja_writer_adj_mat()
% adjacent 166x166 matrix generated by GraphExtractor
% GraphExtractor (C) 2012 Hitoshi Yamauchi, Sunday Research
% sparse(1:n, 1:n, 1) create sparse I
madj = sparse(166, 166);
madj(4,147) = 1;
madj(4,115) = 1;
madj(4,144) = 1;
madj(5,38) = 1;
madj(5,72) = 1;
madj(10,13) = 1;
madj(10,59) = 1;
madj(10,21) = 1;
madj(10,83) = 1;
madj(10,158) = 1;
madj(12,66) = 1;
madj(12,27) = 1;
madj(12,15) = 1;
madj(12,122) = 1;
madj(15,161) = 1;
madj(15,66) = 1;
madj(15,35) = 1;
madj(15,4) = 1;
madj(15,99) = 1;
madj(15,76) = 1;
madj(15,46) = 1;
madj(15,115) = 1;
madj(15,149) = 1;
madj(15,122) = 1;
madj(15,61) = 1;
madj(16,36) = 1;
madj(19,24) = 1;
madj(21,10) = 1;
madj(25,128) = 1;
madj(25,164) = 1;
madj(25,152) = 1;
madj(27,161) = 1;
madj(27,66) = 1;
madj(27,103) = 1;
madj(27,15) = 1;
madj(27,21) = 1;
madj(27,54) = 1;
madj(30,78) = 1;
madj(31,98) = 1;
madj(31,99) = 1;
madj(31,49) = 1;
madj(31,73) = 1;
madj(31,35) = 1;
madj(31,81) = 1;
madj(31,21) = 1;
madj(31,24) = 1;
madj(31,149) = 1;
madj(31,64) = 1;
madj(33,142) = 1;
madj(38,114) = 1;
madj(38,76) = 1;
madj(38,135) = 1;
madj(38,72) = 1;
madj(45,78) = 1;
madj(48,78) = 1;
madj(48,152) = 1;
madj(54,27) = 1;
madj(58,161) = 1;
madj(58,83) = 1;
madj(63,20) = 1;
madj(64,76) = 1;
madj(66,100) = 1;
madj(66,35) = 1;
madj(66,20) = 1;
madj(66,27) = 1;
madj(69,78) = 1;
madj(72,161) = 1;
madj(72,83) = 1;
madj(72,76) = 1;
madj(72,38) = 1;
madj(72,135) = 1;
madj(73,124) = 1;
madj(76,38) = 1;
madj(76,72) = 1;
madj(76,15) = 1;
madj(76,135) = 1;
madj(76,78) = 1;
madj(83,161) = 1;
madj(87,134) = 1;
madj(87,96) = 1;
madj(88,153) = 1;
madj(88,162) = 1;
madj(89,105) = 1;
madj(90,161) = 1;
madj(90,58) = 1;
madj(90,163) = 1;
madj(91,40) = 1;
madj(91,72) = 1;
madj(96,87) = 1;
madj(98,64) = 1;
madj(99,35) = 1;
madj(99,15) = 1;
madj(100,24) = 1;
madj(108,33) = 1;
madj(108,82) = 1;
madj(108,83) = 1;
madj(108,36) = 1;
madj(108,78) = 1;
madj(110,152) = 1;
madj(112,61) = 1;
madj(112,158) = 1;
madj(114,38) = 1;
madj(116,28) = 1;
madj(122,166) = 1;
madj(122,15) = 1;
madj(124,73) = 1;
madj(127,126) = 1;
madj(127,128) = 1;
madj(128,48) = 1;
madj(128,126) = 1;
madj(128,127) = 1;
madj(128,32) = 1;
madj(133,151) = 1;
madj(134,41) = 1;
madj(134,20) = 1;
madj(134,87) = 1;
madj(134,15) = 1;
madj(134,152) = 1;
madj(135,76) = 1;
madj(135,38) = 1;
madj(135,72) = 1;
madj(137,154) = 1;
madj(142,161) = 1;
madj(142,33) = 1;
madj(142,76) = 1;
madj(142,45) = 1;
madj(142,78) = 1;
madj(142,48) = 1;
madj(142,83) = 1;
madj(143,124) = 1;
madj(144,78) = 1;
madj(144,120) = 1;
madj(145,147) = 1;
madj(147,20) = 1;
madj(147,145) = 1;
madj(147,164) = 1;
madj(147,4) = 1;
madj(149,39) = 1;
madj(149,15) = 1;
madj(152,62) = 1;
madj(155,138) = 1;
madj(155,120) = 1;
madj(161,100) = 1;
madj(161,83) = 1;
madj(161,76) = 1;
madj(161,142) = 1;
madj(163,25) = 1;
madj(164,100) = 1;
madj(164,107) = 1;
madj(164,46) = 1;
madj(164,145) = 1;
madj(164,147) = 1;
madj(164,85) = 1;
madj(164,96) = 1;
