function [ madj ] = italian_en_writer_adj_mat()
% adjacent 174x174 matrix generated by GraphExtractor
% GraphExtractor (C) 2012 Hitoshi Yamauchi, Sunday Research
% sparse(1:n, 1:n, 1) create sparse I
madj = sparse(174, 174);
madj(1,161) = 1;
madj(1,20) = 1;
madj(1,156) = 1;
madj(1,101) = 1;
madj(1,166) = 1;
madj(1,135) = 1;
madj(1,168) = 1;
madj(1,41) = 1;
madj(1,74) = 1;
madj(1,43) = 1;
madj(1,45) = 1;
madj(1,47) = 1;
madj(1,7) = 1;
madj(1,146) = 1;
madj(1,116) = 1;
madj(1,21) = 1;
madj(1,118) = 1;
madj(1,121) = 1;
madj(1,90) = 1;
madj(1,91) = 1;
madj(1,124) = 1;
madj(2,3) = 1;
madj(2,94) = 1;
madj(3,29) = 1;
madj(3,87) = 1;
madj(4,66) = 1;
madj(5,131) = 1;
madj(5,7) = 1;
madj(5,12) = 1;
madj(5,144) = 1;
madj(5,21) = 1;
madj(5,153) = 1;
madj(5,160) = 1;
madj(5,161) = 1;
madj(5,37) = 1;
madj(5,39) = 1;
madj(5,168) = 1;
madj(5,52) = 1;
madj(5,54) = 1;
madj(5,61) = 1;
madj(5,68) = 1;
madj(5,75) = 1;
madj(5,86) = 1;
madj(5,91) = 1;
madj(5,96) = 1;
madj(5,103) = 1;
madj(5,108) = 1;
madj(5,116) = 1;
madj(5,118) = 1;
madj(5,125) = 1;
madj(7,1) = 1;
madj(7,5) = 1;
madj(7,135) = 1;
madj(7,12) = 1;
madj(7,144) = 1;
madj(7,146) = 1;
madj(7,20) = 1;
madj(7,21) = 1;
madj(7,153) = 1;
madj(7,156) = 1;
madj(7,160) = 1;
madj(7,161) = 1;
madj(7,37) = 1;
madj(7,166) = 1;
madj(7,39) = 1;
madj(7,168) = 1;
madj(7,41) = 1;
madj(7,45) = 1;
madj(7,47) = 1;
madj(7,52) = 1;
madj(7,61) = 1;
madj(7,68) = 1;
madj(7,74) = 1;
madj(7,75) = 1;
madj(7,86) = 1;
madj(7,90) = 1;
madj(7,91) = 1;
madj(7,96) = 1;
madj(7,101) = 1;
madj(7,103) = 1;
madj(7,108) = 1;
madj(7,116) = 1;
madj(7,118) = 1;
madj(7,121) = 1;
madj(7,124) = 1;
madj(7,125) = 1;
madj(9,60) = 1;
madj(9,93) = 1;
madj(10,3) = 1;
madj(10,172) = 1;
madj(11,30) = 1;
madj(11,158) = 1;
madj(12,5) = 1;
madj(12,7) = 1;
madj(12,144) = 1;
madj(12,21) = 1;
madj(12,153) = 1;
madj(12,160) = 1;
madj(12,161) = 1;
madj(12,37) = 1;
madj(12,39) = 1;
madj(12,168) = 1;
madj(12,41) = 1;
madj(12,52) = 1;
madj(12,61) = 1;
madj(12,68) = 1;
madj(12,75) = 1;
madj(12,86) = 1;
madj(12,91) = 1;
madj(12,96) = 1;
madj(12,103) = 1;
madj(12,108) = 1;
madj(12,116) = 1;
madj(12,118) = 1;
madj(12,125) = 1;
madj(13,172) = 1;
madj(15,17) = 1;
madj(15,129) = 1;
madj(15,16) = 1;
madj(16,17) = 1;
madj(16,15) = 1;
madj(17,15) = 1;
madj(18,134) = 1;
madj(20,1) = 1;
madj(20,161) = 1;
madj(20,156) = 1;
madj(20,101) = 1;
madj(20,166) = 1;
madj(20,135) = 1;
madj(20,168) = 1;
madj(20,41) = 1;
madj(20,74) = 1;
madj(20,45) = 1;
madj(20,47) = 1;
madj(20,7) = 1;
madj(20,146) = 1;
madj(20,116) = 1;
madj(20,21) = 1;
madj(20,118) = 1;
madj(20,121) = 1;
madj(20,90) = 1;
madj(20,91) = 1;
madj(20,124) = 1;
madj(21,1) = 1;
madj(21,5) = 1;
madj(21,7) = 1;
madj(21,12) = 1;
madj(21,142) = 1;
madj(21,144) = 1;
madj(21,146) = 1;
madj(21,20) = 1;
madj(21,149) = 1;
madj(21,153) = 1;
madj(21,156) = 1;
madj(21,168) = 1;
madj(21,160) = 1;
madj(21,161) = 1;
madj(21,34) = 1;
madj(21,37) = 1;
madj(21,135) = 1;
madj(21,39) = 1;
madj(21,40) = 1;
madj(21,41) = 1;
madj(21,170) = 1;
madj(21,45) = 1;
madj(21,47) = 1;
madj(21,52) = 1;
madj(21,54) = 1;
madj(21,61) = 1;
madj(21,68) = 1;
madj(21,74) = 1;
madj(21,75) = 1;
madj(21,84) = 1;
madj(21,86) = 1;
madj(21,90) = 1;
madj(21,91) = 1;
madj(21,96) = 1;
madj(21,166) = 1;
madj(21,101) = 1;
madj(21,103) = 1;
madj(21,108) = 1;
madj(21,116) = 1;
madj(21,118) = 1;
madj(21,121) = 1;
madj(21,124) = 1;
madj(21,125) = 1;
madj(22,102) = 1;
madj(23,69) = 1;
madj(27,66) = 1;
madj(27,99) = 1;
madj(27,61) = 1;
madj(27,42) = 1;
madj(28,171) = 1;
madj(29,3) = 1;
madj(29,172) = 1;
madj(31,32) = 1;
madj(32,31) = 1;
madj(34,84) = 1;
madj(34,40) = 1;
madj(34,41) = 1;
madj(34,74) = 1;
madj(34,75) = 1;
madj(34,142) = 1;
madj(34,47) = 1;
madj(34,52) = 1;
madj(34,21) = 1;
madj(34,86) = 1;
madj(34,153) = 1;
madj(34,149) = 1;
madj(34,91) = 1;
madj(34,96) = 1;
madj(36,61) = 1;
madj(37,5) = 1;
madj(37,7) = 1;
madj(37,12) = 1;
madj(37,144) = 1;
madj(37,149) = 1;
madj(37,153) = 1;
madj(37,160) = 1;
madj(37,161) = 1;
madj(37,39) = 1;
madj(37,168) = 1;
madj(37,52) = 1;
madj(37,61) = 1;
madj(37,68) = 1;
madj(37,75) = 1;
madj(37,86) = 1;
madj(37,91) = 1;
madj(37,96) = 1;
madj(37,103) = 1;
madj(37,108) = 1;
madj(37,116) = 1;
madj(37,118) = 1;
madj(37,21) = 1;
madj(37,125) = 1;
madj(39,5) = 1;
madj(39,7) = 1;
madj(39,12) = 1;
madj(39,144) = 1;
madj(39,21) = 1;
madj(39,153) = 1;
madj(39,160) = 1;
madj(39,161) = 1;
madj(39,37) = 1;
madj(39,168) = 1;
madj(39,52) = 1;
madj(39,61) = 1;
madj(39,68) = 1;
madj(39,75) = 1;
madj(39,86) = 1;
madj(39,91) = 1;
madj(39,96) = 1;
madj(39,103) = 1;
madj(39,108) = 1;
madj(39,116) = 1;
madj(39,118) = 1;
madj(39,125) = 1;
madj(40,34) = 1;
madj(40,84) = 1;
madj(40,41) = 1;
madj(40,74) = 1;
madj(40,75) = 1;
madj(40,142) = 1;
madj(40,47) = 1;
madj(40,52) = 1;
madj(40,21) = 1;
madj(40,54) = 1;
madj(40,153) = 1;
madj(40,149) = 1;
madj(40,91) = 1;
madj(40,96) = 1;
madj(40,86) = 1;
madj(41,1) = 1;
madj(41,3) = 1;
madj(41,135) = 1;
madj(41,11) = 1;
madj(41,142) = 1;
madj(41,146) = 1;
madj(41,20) = 1;
madj(41,21) = 1;
madj(41,153) = 1;
madj(41,156) = 1;
madj(41,161) = 1;
madj(41,34) = 1;
madj(41,7) = 1;
madj(41,166) = 1;
madj(41,40) = 1;
madj(41,170) = 1;
madj(41,45) = 1;
madj(41,47) = 1;
madj(41,52) = 1;
madj(41,59) = 1;
madj(41,61) = 1;
madj(41,74) = 1;
madj(41,75) = 1;
madj(41,84) = 1;
madj(41,86) = 1;
madj(41,89) = 1;
madj(41,90) = 1;
madj(41,91) = 1;
madj(41,96) = 1;
madj(41,101) = 1;
madj(41,168) = 1;
madj(41,114) = 1;
madj(41,116) = 1;
madj(41,118) = 1;
madj(41,121) = 1;
madj(41,149) = 1;
madj(41,124) = 1;
madj(41,125) = 1;
madj(42,66) = 1;
madj(42,27) = 1;
madj(42,61) = 1;
madj(42,99) = 1;
madj(43,1) = 1;
madj(43,114) = 1;
madj(43,124) = 1;
madj(45,1) = 1;
madj(45,161) = 1;
madj(45,156) = 1;
madj(45,101) = 1;
madj(45,166) = 1;
madj(45,135) = 1;
madj(45,168) = 1;
madj(45,41) = 1;
madj(45,74) = 1;
madj(45,47) = 1;
madj(45,7) = 1;
madj(45,146) = 1;
madj(45,116) = 1;
madj(45,21) = 1;
madj(45,118) = 1;
madj(45,121) = 1;
madj(45,90) = 1;
madj(45,91) = 1;
madj(45,124) = 1;
madj(45,20) = 1;
madj(46,167) = 1;
madj(47,1) = 1;
madj(47,135) = 1;
madj(47,146) = 1;
madj(47,20) = 1;
madj(47,21) = 1;
madj(47,156) = 1;
madj(47,30) = 1;
madj(47,161) = 1;
madj(47,166) = 1;
madj(47,168) = 1;
madj(47,41) = 1;
madj(47,45) = 1;
madj(47,7) = 1;
madj(47,74) = 1;
madj(47,90) = 1;
madj(47,91) = 1;
madj(47,101) = 1;
madj(47,116) = 1;
madj(47,118) = 1;
madj(47,121) = 1;
madj(47,124) = 1;
madj(47,126) = 1;
madj(48,24) = 1;
madj(50,3) = 1;
madj(52,5) = 1;
madj(52,7) = 1;
madj(52,12) = 1;
madj(52,142) = 1;
madj(52,144) = 1;
madj(52,21) = 1;
madj(52,153) = 1;
madj(52,168) = 1;
madj(52,160) = 1;
madj(52,161) = 1;
madj(52,34) = 1;
madj(52,37) = 1;
madj(52,39) = 1;
madj(52,40) = 1;
madj(52,41) = 1;
madj(52,47) = 1;
madj(52,61) = 1;
madj(52,68) = 1;
madj(52,74) = 1;
madj(52,75) = 1;
madj(52,84) = 1;
madj(52,86) = 1;
madj(52,91) = 1;
madj(52,96) = 1;
madj(52,103) = 1;
madj(52,108) = 1;
madj(52,116) = 1;
madj(52,118) = 1;
madj(52,149) = 1;
madj(52,125) = 1;
madj(54,61) = 1;
madj(55,172) = 1;
madj(55,165) = 1;
madj(56,102) = 1;
madj(57,61) = 1;
madj(59,41) = 1;
madj(60,9) = 1;
madj(60,131) = 1;
madj(60,55) = 1;
madj(60,46) = 1;
madj(60,167) = 1;
madj(61,5) = 1;
madj(61,7) = 1;
madj(61,12) = 1;
madj(61,144) = 1;
madj(61,21) = 1;
madj(61,153) = 1;
madj(61,27) = 1;
madj(61,156) = 1;
madj(61,160) = 1;
madj(61,161) = 1;
madj(61,37) = 1;
madj(61,39) = 1;
madj(61,168) = 1;
madj(61,41) = 1;
madj(61,42) = 1;
madj(61,52) = 1;
madj(61,54) = 1;
madj(61,66) = 1;
madj(61,68) = 1;
madj(61,75) = 1;
madj(61,86) = 1;
madj(61,91) = 1;
madj(61,96) = 1;
madj(61,99) = 1;
madj(61,103) = 1;
madj(61,108) = 1;
madj(61,116) = 1;
madj(61,118) = 1;
madj(61,125) = 1;
madj(63,123) = 1;
madj(66,42) = 1;
madj(66,27) = 1;
madj(66,61) = 1;
madj(66,99) = 1;
madj(67,170) = 1;
madj(67,167) = 1;
madj(68,5) = 1;
madj(68,7) = 1;
madj(68,12) = 1;
madj(68,144) = 1;
madj(68,21) = 1;
madj(68,153) = 1;
madj(68,160) = 1;
madj(68,161) = 1;
madj(68,37) = 1;
madj(68,39) = 1;
madj(68,168) = 1;
madj(68,52) = 1;
madj(68,61) = 1;
madj(68,66) = 1;
