function [ madj ] = italian_en_no_navbox_writer_adj_mat()
% adjacent 174x174 matrix generated by GraphExtractor
% GraphExtractor (C) 2012-2013 Hitoshi Yamauchi, Sunday Research
% sparse(1:n, 1:n, 1) create sparse I
madj = sparse(174, 174);
madj(1,43) = 1;
madj(2,3) = 1;
madj(2,94) = 1;
madj(3,29) = 1;
madj(3,87) = 1;
madj(4,66) = 1;
madj(5,131) = 1;
madj(5,54) = 1;
madj(9,60) = 1;
madj(9,93) = 1;
madj(10,3) = 1;
madj(10,172) = 1;
madj(11,30) = 1;
madj(11,158) = 1;
madj(12,41) = 1;
madj(13,172) = 1;
madj(15,17) = 1;
madj(15,129) = 1;
madj(15,16) = 1;
madj(16,17) = 1;
madj(16,15) = 1;
madj(17,15) = 1;
madj(18,134) = 1;
madj(21,170) = 1;
madj(21,54) = 1;
madj(21,160) = 1;
madj(22,102) = 1;
madj(23,69) = 1;
madj(28,171) = 1;
madj(29,3) = 1;
madj(31,32) = 1;
madj(32,31) = 1;
madj(36,61) = 1;
madj(37,149) = 1;
madj(40,41) = 1;
madj(40,54) = 1;
madj(41,3) = 1;
madj(41,125) = 1;
madj(41,11) = 1;
madj(41,142) = 1;
madj(41,47) = 1;
madj(41,114) = 1;
madj(41,52) = 1;
madj(41,21) = 1;
madj(41,86) = 1;
madj(41,170) = 1;
madj(41,89) = 1;
madj(41,149) = 1;
madj(41,59) = 1;
madj(41,61) = 1;
madj(41,75) = 1;
madj(43,1) = 1;
madj(43,114) = 1;
madj(43,124) = 1;
madj(46,167) = 1;
madj(47,41) = 1;
madj(47,30) = 1;
madj(48,24) = 1;
madj(50,3) = 1;
madj(52,41) = 1;
madj(54,61) = 1;
madj(55,172) = 1;
madj(55,165) = 1;
madj(56,102) = 1;
madj(57,61) = 1;
madj(59,41) = 1;
madj(60,9) = 1;
madj(60,55) = 1;
madj(60,46) = 1;
madj(60,167) = 1;
madj(61,54) = 1;
madj(63,123) = 1;
madj(67,170) = 1;
madj(67,167) = 1;
madj(68,66) = 1;
madj(71,3) = 1;
madj(71,29) = 1;
madj(71,94) = 1;
madj(74,91) = 1;
madj(74,3) = 1;
madj(78,29) = 1;
madj(80,89) = 1;
madj(80,3) = 1;
madj(80,55) = 1;
madj(80,56) = 1;
madj(81,124) = 1;
madj(84,40) = 1;
madj(89,3) = 1;
madj(89,158) = 1;
madj(89,71) = 1;
madj(89,102) = 1;
madj(90,118) = 1;
madj(91,41) = 1;
madj(91,125) = 1;
madj(93,9) = 1;
madj(94,54) = 1;
madj(96,155) = 1;
madj(97,118) = 1;
madj(101,89) = 1;
madj(101,114) = 1;
madj(101,91) = 1;
madj(101,102) = 1;
madj(101,170) = 1;
madj(103,1) = 1;
madj(103,74) = 1;
madj(103,118) = 1;
madj(103,104) = 1;
madj(104,103) = 1;
madj(113,42) = 1;
madj(114,3) = 1;
madj(114,165) = 1;
madj(114,137) = 1;
madj(114,74) = 1;
madj(114,43) = 1;
madj(114,172) = 1;
madj(114,146) = 1;
madj(114,170) = 1;
madj(114,89) = 1;
madj(114,155) = 1;
madj(116,124) = 1;
madj(116,118) = 1;
madj(118,97) = 1;
madj(118,34) = 1;
madj(118,5) = 1;
madj(118,103) = 1;
madj(118,74) = 1;
madj(118,172) = 1;
madj(118,79) = 1;
madj(118,116) = 1;
madj(118,153) = 1;
madj(118,124) = 1;
madj(119,54) = 1;
madj(123,29) = 1;
madj(123,54) = 1;
madj(123,55) = 1;
madj(124,3) = 1;
madj(124,103) = 1;
madj(124,74) = 1;
madj(124,116) = 1;
madj(124,118) = 1;
madj(124,27) = 1;
madj(124,29) = 1;
madj(125,90) = 1;
madj(125,75) = 1;
madj(125,132) = 1;
madj(126,146) = 1;
madj(126,114) = 1;
madj(129,61) = 1;
madj(129,133) = 1;
madj(129,30) = 1;
madj(129,15) = 1;
madj(131,46) = 1;
madj(131,114) = 1;
madj(131,149) = 1;
madj(131,54) = 1;
madj(131,89) = 1;
madj(131,155) = 1;
madj(131,60) = 1;
madj(132,125) = 1;
madj(132,56) = 1;
madj(134,41) = 1;
madj(135,170) = 1;
madj(140,114) = 1;
madj(140,165) = 1;
madj(140,170) = 1;
madj(141,172) = 1;
madj(144,125) = 1;
madj(147,61) = 1;
madj(147,55) = 1;
madj(148,123) = 1;
madj(149,34) = 1;
madj(150,70) = 1;
madj(152,172) = 1;
madj(153,70) = 1;
madj(155,114) = 1;
madj(156,67) = 1;
madj(156,167) = 1;
madj(157,155) = 1;
madj(157,116) = 1;
madj(158,89) = 1;
madj(158,3) = 1;
madj(158,164) = 1;
madj(158,29) = 1;
madj(158,11) = 1;
madj(159,66) = 1;
madj(160,114) = 1;
madj(160,147) = 1;
madj(160,21) = 1;
madj(160,118) = 1;
madj(160,170) = 1;
madj(161,170) = 1;
madj(161,96) = 1;
madj(164,3) = 1;
madj(164,71) = 1;
madj(164,11) = 1;
madj(164,48) = 1;
madj(164,158) = 1;
madj(164,123) = 1;
madj(164,60) = 1;
madj(164,94) = 1;
madj(165,97) = 1;
madj(165,172) = 1;
madj(165,140) = 1;
madj(165,114) = 1;
madj(165,148) = 1;
madj(165,89) = 1;
madj(165,121) = 1;
madj(165,123) = 1;
madj(165,63) = 1;
madj(170,67) = 1;
madj(170,125) = 1;
madj(171,147) = 1;
madj(172,2) = 1;
madj(172,3) = 1;
madj(172,5) = 1;
madj(172,134) = 1;
madj(172,8) = 1;
madj(172,138) = 1;
madj(172,140) = 1;
madj(172,131) = 1;
madj(172,146) = 1;
madj(172,149) = 1;
madj(172,150) = 1;
madj(172,24) = 1;
madj(172,155) = 1;
madj(172,29) = 1;
madj(172,158) = 1;
madj(172,36) = 1;
madj(172,165) = 1;
madj(172,167) = 1;
madj(172,41) = 1;
madj(172,170) = 1;
madj(172,46) = 1;
madj(172,55) = 1;
madj(172,60) = 1;
madj(172,61) = 1;
madj(172,70) = 1;
madj(172,71) = 1;
madj(172,74) = 1;
madj(172,79) = 1;
madj(172,87) = 1;
madj(172,89) = 1;
madj(172,91) = 1;
madj(172,94) = 1;
madj(172,124) = 1;
madj(172,102) = 1;
madj(172,114) = 1;
madj(172,118) = 1;
madj(172,119) = 1;
madj(172,39) = 1;
madj(172,125) = 1;
madj(172,127) = 1;
madj(172,22) = 1;
madj(173,3) = 1;
madj(173,124) = 1;
madj(173,165) = 1;
madj(173,102) = 1;
madj(173,71) = 1;
madj(173,8) = 1;
madj(173,146) = 1;
madj(173,125) = 1;
madj(173,43) = 1;
madj(173,140) = 1;
madj(173,80) = 1;
madj(173,158) = 1;
madj(173,114) = 1;
madj(173,55) = 1;
madj(173,138) = 1;
madj(173,89) = 1;
madj(173,112) = 1;
madj(173,29) = 1;
madj(173,11) = 1;
