function [ madj ] = ja_de_writer_adj_mat()
% adjacent 497x497 matrix generated by GraphExtractor
% GraphExtractor (C) 2012 Hitoshi Yamauchi, Sunday Research
% sparse(1:n, 1:n, 1) create sparse I
madj = sparse(497, 497);
madj(3,84) = 1;
madj(3,157) = 1;
madj(5,61) = 1;
madj(5,302) = 1;
madj(6,236) = 1;
madj(6,453) = 1;
madj(7,385) = 1;
madj(18,292) = 1;
madj(18,327) = 1;
madj(19,287) = 1;
madj(24,135) = 1;
madj(25,26) = 1;
madj(25,378) = 1;
madj(26,25) = 1;
madj(26,378) = 1;
madj(27,217) = 1;
madj(27,302) = 1;
madj(30,278) = 1;
madj(36,35) = 1;
madj(36,444) = 1;
madj(36,453) = 1;
madj(39,377) = 1;
madj(39,40) = 1;
madj(40,18) = 1;
madj(40,131) = 1;
madj(40,460) = 1;
madj(43,464) = 1;
madj(45,306) = 1;
madj(45,175) = 1;
madj(47,233) = 1;
madj(47,327) = 1;
madj(48,385) = 1;
madj(48,341) = 1;
madj(49,362) = 1;
madj(49,158) = 1;
madj(49,248) = 1;
madj(52,177) = 1;
madj(52,79) = 1;
madj(54,379) = 1;
madj(54,302) = 1;
madj(56,79) = 1;
madj(57,338) = 1;
madj(58,275) = 1;
madj(60,177) = 1;
madj(60,58) = 1;
madj(60,275) = 1;
madj(61,5) = 1;
madj(61,62) = 1;
madj(62,79) = 1;
madj(66,453) = 1;
madj(66,278) = 1;
madj(69,364) = 1;
madj(70,289) = 1;
madj(70,207) = 1;
madj(72,453) = 1;
madj(80,329) = 1;
madj(80,61) = 1;
madj(82,258) = 1;
madj(82,227) = 1;
madj(82,292) = 1;
madj(82,485) = 1;
madj(82,486) = 1;
madj(82,304) = 1;
madj(82,476) = 1;
madj(86,3) = 1;
madj(89,219) = 1;
madj(90,474) = 1;
madj(90,404) = 1;
madj(91,267) = 1;
madj(96,233) = 1;
madj(96,317) = 1;
madj(98,217) = 1;
madj(98,402) = 1;
madj(99,267) = 1;
madj(101,42) = 1;
madj(102,292) = 1;
madj(102,391) = 1;
madj(102,236) = 1;
madj(102,318) = 1;
madj(102,312) = 1;
madj(102,254) = 1;
madj(104,367) = 1;
madj(108,313) = 1;
madj(108,247) = 1;
madj(108,415) = 1;
madj(108,304) = 1;
madj(112,314) = 1;
madj(112,340) = 1;
madj(112,391) = 1;
madj(113,334) = 1;
madj(116,202) = 1;
madj(116,117) = 1;
madj(117,116) = 1;
madj(119,224) = 1;
madj(120,208) = 1;
madj(121,18) = 1;
madj(124,237) = 1;
madj(125,482) = 1;
madj(126,90) = 1;
madj(126,315) = 1;
madj(126,279) = 1;
madj(126,415) = 1;
madj(132,43) = 1;
madj(133,267) = 1;
madj(133,415) = 1;
madj(134,278) = 1;
madj(135,397) = 1;
madj(135,400) = 1;
madj(140,486) = 1;
madj(144,327) = 1;
madj(146,490) = 1;
madj(152,319) = 1;
madj(153,289) = 1;
madj(154,292) = 1;
madj(157,370) = 1;
madj(157,3) = 1;
madj(157,40) = 1;
madj(158,292) = 1;
madj(158,327) = 1;
madj(158,486) = 1;
madj(158,487) = 1;
madj(158,72) = 1;
madj(158,463) = 1;
madj(158,260) = 1;
madj(158,469) = 1;
madj(162,289) = 1;
madj(162,313) = 1;
madj(162,483) = 1;
madj(162,153) = 1;
madj(162,208) = 1;
madj(164,199) = 1;
madj(167,262) = 1;
madj(168,292) = 1;
madj(168,391) = 1;
madj(170,82) = 1;
madj(170,311) = 1;
madj(170,288) = 1;
madj(171,189) = 1;
madj(175,360) = 1;
madj(176,379) = 1;
madj(176,302) = 1;
madj(176,16) = 1;
madj(177,52) = 1;
madj(177,60) = 1;
madj(177,62) = 1;
madj(177,79) = 1;
madj(178,79) = 1;
madj(180,121) = 1;
madj(180,66) = 1;
madj(180,428) = 1;
madj(180,224) = 1;
madj(181,194) = 1;
madj(181,296) = 1;
madj(183,267) = 1;
madj(183,485) = 1;
madj(184,361) = 1;
madj(184,194) = 1;
madj(187,208) = 1;
madj(192,391) = 1;
madj(193,79) = 1;
madj(194,181) = 1;
madj(194,296) = 1;
madj(196,470) = 1;
madj(199,305) = 1;
madj(203,483) = 1;
madj(203,208) = 1;
madj(204,375) = 1;
madj(206,194) = 1;
madj(207,289) = 1;
madj(207,267) = 1;
madj(207,158) = 1;
madj(208,483) = 1;
madj(210,262) = 1;
madj(210,415) = 1;
madj(210,344) = 1;
madj(211,208) = 1;
madj(211,486) = 1;
madj(211,96) = 1;
madj(214,405) = 1;
madj(216,217) = 1;
madj(217,27) = 1;
madj(219,18) = 1;
madj(221,266) = 1;
madj(222,385) = 1;
madj(222,26) = 1;
madj(222,375) = 1;
madj(222,305) = 1;
madj(224,396) = 1;
madj(224,247) = 1;
madj(225,18) = 1;
madj(227,281) = 1;
madj(227,410) = 1;
madj(227,469) = 1;
madj(228,266) = 1;
madj(228,267) = 1;
madj(229,391) = 1;
madj(230,217) = 1;
madj(230,353) = 1;
madj(230,379) = 1;
madj(230,53) = 1;
madj(230,231) = 1;
madj(231,379) = 1;
madj(231,230) = 1;
madj(233,483) = 1;
madj(233,296) = 1;
madj(233,208) = 1;
madj(234,385) = 1;
madj(234,391) = 1;
madj(235,236) = 1;
madj(236,235) = 1;
madj(236,360) = 1;
madj(237,124) = 1;
madj(237,373) = 1;
madj(238,292) = 1;
madj(238,327) = 1;
madj(238,306) = 1;
madj(238,247) = 1;
madj(238,410) = 1;
madj(238,219) = 1;
madj(240,199) = 1;
madj(241,482) = 1;
madj(241,3) = 1;
madj(242,497) = 1;
madj(243,244) = 1;
madj(244,243) = 1;
madj(246,175) = 1;
madj(247,249) = 1;
madj(247,396) = 1;
madj(247,224) = 1;
madj(248,267) = 1;
madj(249,18) = 1;
madj(249,219) = 1;
madj(249,247) = 1;
madj(249,327) = 1;
madj(250,439) = 1;
madj(253,61) = 1;
madj(254,373) = 1;
madj(256,227) = 1;
madj(258,227) = 1;
madj(258,469) = 1;
madj(260,444) = 1;
madj(260,391) = 1;
madj(261,82) = 1;
madj(262,485) = 1;
madj(262,167) = 1;
madj(262,327) = 1;
madj(262,360) = 1;
madj(262,267) = 1;
madj(262,210) = 1;
madj(262,415) = 1;
madj(265,415) = 1;
madj(266,267) = 1;
madj(266,228) = 1;
madj(267,421) = 1;
madj(267,485) = 1;
madj(268,310) = 1;
madj(270,410) = 1;
madj(270,227) = 1;
madj(271,290) = 1;
madj(271,365) = 1;
madj(273,62) = 1;
madj(275,58) = 1;
madj(275,276) = 1;
madj(276,275) = 1;
madj(278,254) = 1;
madj(278,208) = 1;
madj(279,90) = 1;
madj(279,315) = 1;
madj(279,469) = 1;
madj(279,486) = 1;
madj(279,126) = 1;
madj(280,131) = 1;
madj(281,227) = 1;
madj(283,490) = 1;
madj(284,453) = 1;
madj(288,121) = 1;
madj(288,187) = 1;
madj(288,261) = 1;
madj(289,474) = 1;
madj(289,420) = 1;
madj(289,415) = 1;
madj(290,365) = 1;
madj(293,207) = 1;
madj(296,194) = 1;
madj(297,267) = 1;
madj(297,421) = 1;
madj(299,178) = 1;
madj(299,226) = 1;
madj(301,194) = 1;
madj(301,206) = 1;
madj(302,379) = 1;
madj(304,82) = 1;
madj(304,18) = 1;
madj(305,385) = 1;
madj(305,132) = 1;
madj(305,309) = 1;
madj(305,378) = 1;
madj(305,26) = 1;
madj(305,222) = 1;
madj(307,233) = 1;
madj(307,219) = 1;
madj(310,300) = 1;
madj(310,340) = 1;
madj(310,437) = 1;
madj(310,308) = 1;
madj(311,233) = 1;
madj(312,102) = 1;
madj(313,289) = 1;
madj(313,415) = 1;
madj(314,385) = 1;
madj(314,72) = 1;
madj(315,404) = 1;
madj(317,121) = 1;
madj(318,102) = 1;
madj(319,274) = 1;
madj(319,152) = 1;
madj(321,483) = 1;
madj(324,325) = 1;
madj(325,35) = 1;
madj(326,219) = 1;
madj(327,262) = 1;
madj(328,342) = 1;
madj(328,287) = 1;
madj(329,80) = 1;
madj(330,277) = 1;
madj(331,429) = 1;
madj(334,284) = 1;
madj(334,327) = 1;
madj(335,444) = 1;
madj(338,227) = 1;
madj(338,36) = 1;
madj(338,102) = 1;
madj(338,327) = 1;
madj(338,208) = 1;
madj(338,368) = 1;
madj(338,416) = 1;
madj(338,444) = 1;
madj(338,486) = 1;
madj(339,40) = 1;
madj(340,3) = 1;
madj(340,68) = 1;
madj(340,233) = 1;
madj(340,47) = 1;
madj(340,208) = 1;
madj(340,436) = 1;
madj(340,157) = 1;
madj(344,210) = 1;
madj(344,435) = 1;
madj(344,358) = 1;
madj(345,18) = 1;
madj(345,486) = 1;
madj(349,364) = 1;
madj(349,62) = 1;
madj(351,233) = 1;
madj(351,311) = 1;
madj(351,448) = 1;
madj(354,384) = 1;
madj(354,248) = 1;
madj(356,357) = 1;
madj(359,419) = 1;
madj(361,194) = 1;
madj(361,184) = 1;
madj(364,217) = 1;
madj(364,98) = 1;
madj(364,27) = 1;
madj(364,349) = 1;
madj(366,355) = 1;
madj(369,153) = 1;
madj(369,474) = 1;
madj(373,132) = 1;
madj(375,204) = 1;
madj(375,222) = 1;
madj(375,487) = 1;
madj(375,262) = 1;
madj(376,121) = 1;
madj(376,284) = 1;
madj(376,317) = 1;
madj(377,486) = 1;
madj(377,487) = 1;
madj(378,25) = 1;
madj(378,26) = 1;
madj(378,385) = 1;
madj(378,175) = 1;
madj(378,305) = 1;
madj(379,302) = 1;
madj(381,110) = 1;
madj(382,373) = 1;
madj(382,124) = 1;
madj(382,237) = 1;
madj(384,354) = 1;
madj(390,438) = 1;
madj(391,229) = 1;
madj(392,482) = 1;
madj(394,399) = 1;
madj(397,135) = 1;
madj(397,400) = 1;
madj(398,481) = 1;
madj(399,62) = 1;
madj(400,397) = 1;
madj(400,135) = 1;
madj(401,217) = 1;
madj(404,315) = 1;
madj(404,262) = 1;
madj(404,415) = 1;
madj(404,427) = 1;
madj(406,405) = 1;
madj(410,18) = 1;
madj(410,227) = 1;
madj(410,26) = 1;
madj(413,497) = 1;
madj(415,210) = 1;
madj(415,262) = 1;
madj(415,327) = 1;
madj(416,338) = 1;
madj(418,419) = 1;
madj(419,418) = 1;
madj(420,289) = 1;
