function [ madj ] = ja_en_writer_adj_mat()
% adjacent 412x412 matrix generated by GraphExtractor
% GraphExtractor (C) 2012 Hitoshi Yamauchi, Sunday Research
% sparse(1:n, 1:n, 1) create sparse I
madj = sparse(412, 412);
madj(3,386) = 1;
madj(4,132) = 1;
madj(12,124) = 1;
madj(12,303) = 1;
madj(12,223) = 1;
madj(13,251) = 1;
madj(13,181) = 1;
madj(15,246) = 1;
madj(19,20) = 1;
madj(20,366) = 1;
madj(27,93) = 1;
madj(27,13) = 1;
madj(32,223) = 1;
madj(32,384) = 1;
madj(34,123) = 1;
madj(34,228) = 1;
madj(34,13) = 1;
madj(36,319) = 1;
madj(37,169) = 1;
madj(37,251) = 1;
madj(42,135) = 1;
madj(43,45) = 1;
madj(43,125) = 1;
madj(44,303) = 1;
madj(44,223) = 1;
madj(44,46) = 1;
madj(46,165) = 1;
madj(46,44) = 1;
madj(46,45) = 1;
madj(46,57) = 1;
madj(46,125) = 1;
madj(46,158) = 1;
madj(49,169) = 1;
madj(49,147) = 1;
madj(49,332) = 1;
madj(49,85) = 1;
madj(49,243) = 1;
madj(57,46) = 1;
madj(57,126) = 1;
madj(59,82) = 1;
madj(59,123) = 1;
madj(59,251) = 1;
madj(61,385) = 1;
madj(61,167) = 1;
madj(61,392) = 1;
madj(62,1) = 1;
madj(74,223) = 1;
madj(76,307) = 1;
madj(76,86) = 1;
madj(76,207) = 1;
madj(81,82) = 1;
madj(81,309) = 1;
madj(81,143) = 1;
madj(82,193) = 1;
madj(82,81) = 1;
madj(84,281) = 1;
madj(85,169) = 1;
madj(85,229) = 1;
madj(85,147) = 1;
madj(85,13) = 1;
madj(86,393) = 1;
madj(86,394) = 1;
madj(89,331) = 1;
madj(91,144) = 1;
madj(93,256) = 1;
madj(101,74) = 1;
madj(101,112) = 1;
madj(102,400) = 1;
madj(111,1) = 1;
madj(111,299) = 1;
madj(111,207) = 1;
madj(111,274) = 1;
madj(111,147) = 1;
madj(111,27) = 1;
madj(112,368) = 1;
madj(114,147) = 1;
madj(114,390) = 1;
madj(115,74) = 1;
madj(116,371) = 1;
madj(119,199) = 1;
madj(123,251) = 1;
madj(123,13) = 1;
madj(124,12) = 1;
madj(124,303) = 1;
madj(124,223) = 1;
madj(125,43) = 1;
madj(125,45) = 1;
madj(125,46) = 1;
madj(126,46) = 1;
madj(127,338) = 1;
madj(127,85) = 1;
madj(130,132) = 1;
madj(130,368) = 1;
madj(132,251) = 1;
madj(132,200) = 1;
madj(135,379) = 1;
madj(135,158) = 1;
madj(135,199) = 1;
madj(135,46) = 1;
madj(140,377) = 1;
madj(142,368) = 1;
madj(143,356) = 1;
madj(147,137) = 1;
madj(147,390) = 1;
madj(148,301) = 1;
madj(149,180) = 1;
madj(149,181) = 1;
madj(150,296) = 1;
madj(150,200) = 1;
madj(153,73) = 1;
madj(153,393) = 1;
madj(153,147) = 1;
madj(156,369) = 1;
madj(156,346) = 1;
madj(156,51) = 1;
madj(156,208) = 1;
madj(157,291) = 1;
madj(157,332) = 1;
madj(157,390) = 1;
madj(158,44) = 1;
madj(158,46) = 1;
madj(161,301) = 1;
madj(166,169) = 1;
madj(166,147) = 1;
madj(166,243) = 1;
madj(167,393) = 1;
madj(167,394) = 1;
madj(167,401) = 1;
madj(167,61) = 1;
madj(167,321) = 1;
madj(169,147) = 1;
madj(169,13) = 1;
madj(170,392) = 1;
madj(170,199) = 1;
madj(170,200) = 1;
madj(172,173) = 1;
madj(174,268) = 1;
madj(175,251) = 1;
madj(175,228) = 1;
madj(178,20) = 1;
madj(180,13) = 1;
madj(180,181) = 1;
madj(181,251) = 1;
madj(181,13) = 1;
madj(184,297) = 1;
madj(185,20) = 1;
madj(185,352) = 1;
madj(187,251) = 1;
madj(187,174) = 1;
madj(191,249) = 1;
madj(192,282) = 1;
madj(192,315) = 1;
madj(193,207) = 1;
madj(199,170) = 1;
madj(199,251) = 1;
madj(199,392) = 1;
madj(199,331) = 1;
madj(199,200) = 1;
madj(200,199) = 1;
madj(204,123) = 1;
madj(205,251) = 1;
madj(205,64) = 1;
madj(209,315) = 1;
madj(210,400) = 1;
madj(211,407) = 1;
madj(212,251) = 1;
madj(214,85) = 1;
madj(214,132) = 1;
madj(214,61) = 1;
madj(215,393) = 1;
madj(215,88) = 1;
madj(216,394) = 1;
madj(216,251) = 1;
madj(217,216) = 1;
madj(220,66) = 1;
madj(223,44) = 1;
madj(223,12) = 1;
madj(223,303) = 1;
madj(223,218) = 1;
madj(223,124) = 1;
madj(223,158) = 1;
madj(226,161) = 1;
madj(226,251) = 1;
madj(226,20) = 1;
madj(226,309) = 1;
madj(229,137) = 1;
madj(229,169) = 1;
madj(231,167) = 1;
madj(231,160) = 1;
madj(232,401) = 1;
madj(233,226) = 1;
madj(233,309) = 1;
madj(236,251) = 1;
madj(238,169) = 1;
madj(238,284) = 1;
madj(243,309) = 1;
madj(243,54) = 1;
madj(246,390) = 1;
madj(247,390) = 1;
madj(248,200) = 1;
madj(249,137) = 1;
madj(251,13) = 1;
madj(251,199) = 1;
madj(258,188) = 1;
madj(258,61) = 1;
madj(258,16) = 1;
madj(260,366) = 1;
madj(266,251) = 1;
madj(266,211) = 1;
madj(266,407) = 1;
madj(268,258) = 1;
madj(271,112) = 1;
madj(276,30) = 1;
madj(277,345) = 1;
madj(277,290) = 1;
madj(277,331) = 1;
madj(277,200) = 1;
madj(278,372) = 1;
madj(278,408) = 1;
madj(279,188) = 1;
madj(280,393) = 1;
madj(280,13) = 1;
madj(282,46) = 1;
madj(282,207) = 1;
madj(284,169) = 1;
madj(284,238) = 1;
madj(285,167) = 1;
madj(288,308) = 1;
madj(290,277) = 1;
madj(291,305) = 1;
madj(292,123) = 1;
madj(296,46) = 1;
madj(296,200) = 1;
madj(297,74) = 1;
madj(297,173) = 1;
madj(300,384) = 1;
madj(301,161) = 1;
madj(301,394) = 1;
madj(301,148) = 1;
madj(301,199) = 1;
madj(302,85) = 1;
madj(302,13) = 1;
madj(303,223) = 1;
madj(307,83) = 1;
madj(308,288) = 1;
madj(309,161) = 1;
madj(309,6) = 1;
madj(309,13) = 1;
madj(309,366) = 1;
madj(309,81) = 1;
madj(309,27) = 1;
madj(311,169) = 1;
madj(311,147) = 1;
madj(311,332) = 1;
madj(313,168) = 1;
madj(314,390) = 1;
madj(317,137) = 1;
madj(320,50) = 1;
madj(322,169) = 1;
madj(322,147) = 1;
madj(331,89) = 1;
madj(331,251) = 1;
madj(331,199) = 1;
madj(332,228) = 1;
madj(336,251) = 1;
madj(338,78) = 1;
madj(341,281) = 1;
madj(341,173) = 1;
madj(342,27) = 1;
madj(343,401) = 1;
madj(343,181) = 1;
madj(345,277) = 1;
madj(345,199) = 1;
madj(349,251) = 1;
madj(349,367) = 1;
madj(352,185) = 1;
madj(353,251) = 1;
madj(359,54) = 1;
madj(359,199) = 1;
madj(359,24) = 1;
madj(360,225) = 1;
madj(360,117) = 1;
madj(360,71) = 1;
madj(360,112) = 1;
madj(361,164) = 1;
madj(364,147) = 1;
madj(365,251) = 1;
madj(367,193) = 1;
madj(367,218) = 1;
madj(368,170) = 1;
madj(368,392) = 1;
madj(368,200) = 1;
madj(369,156) = 1;
madj(370,282) = 1;
madj(374,394) = 1;
madj(377,140) = 1;
madj(378,366) = 1;
madj(379,135) = 1;
madj(380,377) = 1;
madj(380,140) = 1;
madj(381,137) = 1;
madj(381,30) = 1;
madj(383,332) = 1;
madj(383,147) = 1;
madj(383,404) = 1;
madj(387,404) = 1;
madj(391,30) = 1;
madj(392,170) = 1;
madj(392,200) = 1;
madj(393,394) = 1;
madj(394,393) = 1;
madj(394,401) = 1;
madj(394,112) = 1;
madj(396,169) = 1;
madj(396,243) = 1;
madj(396,207) = 1;
madj(397,169) = 1;
madj(397,284) = 1;
madj(397,238) = 1;
madj(401,394) = 1;
madj(401,167) = 1;
madj(402,403) = 1;
madj(403,169) = 1;
madj(403,213) = 1;
madj(404,199) = 1;
madj(404,295) = 1;
madj(404,8) = 1;
madj(407,211) = 1;
madj(407,341) = 1;
