function [ madj ] = ja_ja_writer_1_adj_mat()
% adjacent 1034x1034 matrix generated by GraphExtractor
% GraphExtractor (C) 2012 Hitoshi Yamauchi, Sunday Research
% sparse(1:n, 1:n, 1) create sparse I
madj = sparse(1034, 1034);
madj(23,705) = 1;
madj(23,932) = 1;
madj(23,293) = 1;
madj(23,594) = 1;
madj(23,939) = 1;
madj(23,460) = 1;
madj(23,656) = 1;
madj(23,850) = 1;
madj(23,339) = 1;
madj(23,149) = 1;
madj(23,344) = 1;
madj(23,165) = 1;
madj(23,156) = 1;
madj(23,287) = 1;
madj(43,353) = 1;
madj(43,875) = 1;
madj(43,844) = 1;
madj(167,227) = 1;
madj(167,998) = 1;
madj(167,295) = 1;
madj(167,392) = 1;
madj(167,619) = 1;
madj(167,635) = 1;
madj(167,957) = 1;
madj(167,894) = 1;
madj(173,7) = 1;
madj(173,9) = 1;
madj(173,1034) = 1;
madj(173,16) = 1;
madj(173,531) = 1;
madj(173,538) = 1;
madj(173,539) = 1;
madj(173,541) = 1;
madj(173,543) = 1;
madj(173,555) = 1;
madj(173,557) = 1;
madj(173,48) = 1;
madj(173,49) = 1;
madj(173,692) = 1;
madj(173,569) = 1;
madj(173,62) = 1;
madj(173,577) = 1;
madj(173,585) = 1;
madj(173,591) = 1;
madj(173,594) = 1;
madj(173,87) = 1;
madj(173,101) = 1;
madj(173,603) = 1;
madj(173,528) = 1;
madj(173,95) = 1;
madj(173,97) = 1;
madj(173,612) = 1;
madj(173,613) = 1;
madj(173,616) = 1;
madj(173,617) = 1;
madj(173,19) = 1;
madj(173,112) = 1;
madj(173,114) = 1;
madj(173,628) = 1;
madj(173,123) = 1;
madj(173,125) = 1;
madj(173,363) = 1;
madj(173,329) = 1;
madj(173,1011) = 1;
madj(173,668) = 1;
madj(173,669) = 1;
madj(173,158) = 1;
madj(173,160) = 1;
madj(173,677) = 1;
madj(173,626) = 1;
madj(173,171) = 1;
madj(173,177) = 1;
madj(173,179) = 1;
madj(173,180) = 1;
madj(173,693) = 1;
madj(173,695) = 1;
madj(173,699) = 1;
madj(173,195) = 1;
madj(173,204) = 1;
madj(173,721) = 1;
madj(173,212) = 1;
madj(173,213) = 1;
madj(173,726) = 1;
madj(173,216) = 1;
madj(173,221) = 1;
madj(173,379) = 1;
madj(173,737) = 1;
madj(173,740) = 1;
madj(173,229) = 1;
madj(173,742) = 1;
madj(173,240) = 1;
madj(173,243) = 1;
madj(173,768) = 1;
madj(173,270) = 1;
madj(173,787) = 1;
madj(173,788) = 1;
madj(173,280) = 1;
madj(173,281) = 1;
madj(173,794) = 1;
madj(173,795) = 1;
madj(173,296) = 1;
madj(173,297) = 1;
madj(173,304) = 1;
madj(173,820) = 1;
madj(173,825) = 1;
madj(173,323) = 1;
madj(173,837) = 1;
madj(173,840) = 1;
madj(173,841) = 1;
madj(173,843) = 1;
madj(173,847) = 1;
madj(173,850) = 1;
madj(173,851) = 1;
madj(173,862) = 1;
madj(173,863) = 1;
madj(173,353) = 1;
madj(173,867) = 1;
madj(173,875) = 1;
madj(173,365) = 1;
madj(173,883) = 1;
madj(173,884) = 1;
madj(173,886) = 1;
madj(173,376) = 1;
madj(173,891) = 1;
madj(173,894) = 1;
madj(173,895) = 1;
madj(173,900) = 1;
madj(173,397) = 1;
madj(173,835) = 1;
madj(173,400) = 1;
madj(173,913) = 1;
madj(173,752) = 1;
madj(173,925) = 1;
madj(173,933) = 1;
madj(173,935) = 1;
madj(173,936) = 1;
madj(173,755) = 1;
madj(173,73) = 1;
madj(173,440) = 1;
madj(173,954) = 1;
madj(173,672) = 1;
madj(173,453) = 1;
madj(173,969) = 1;
madj(173,116) = 1;
madj(173,470) = 1;
madj(173,471) = 1;
madj(173,473) = 1;
madj(173,475) = 1;
madj(173,989) = 1;
madj(173,991) = 1;
madj(173,1004) = 1;
madj(173,1006) = 1;
madj(173,1009) = 1;
madj(173,498) = 1;
madj(173,499) = 1;
madj(173,500) = 1;
madj(173,1015) = 1;
madj(173,1020) = 1;
madj(173,509) = 1;
madj(177,7) = 1;
madj(177,9) = 1;
madj(177,1034) = 1;
madj(177,16) = 1;
madj(177,19) = 1;
madj(177,23) = 1;
madj(177,539) = 1;
madj(177,541) = 1;
madj(177,543) = 1;
madj(177,555) = 1;
madj(177,557) = 1;
madj(177,48) = 1;
madj(177,49) = 1;
madj(177,569) = 1;
madj(177,62) = 1;
madj(177,585) = 1;
madj(177,591) = 1;
madj(177,87) = 1;
madj(177,101) = 1;
madj(177,603) = 1;
madj(177,528) = 1;
madj(177,95) = 1;
madj(177,97) = 1;
madj(177,613) = 1;
madj(177,616) = 1;
madj(177,619) = 1;
madj(177,114) = 1;
madj(177,628) = 1;
madj(177,123) = 1;
madj(177,125) = 1;
madj(177,363) = 1;
madj(177,669) = 1;
madj(177,158) = 1;
madj(177,672) = 1;
madj(177,677) = 1;
madj(177,626) = 1;
madj(177,683) = 1;
madj(177,173) = 1;
madj(177,179) = 1;
madj(177,180) = 1;
madj(177,693) = 1;
madj(177,695) = 1;
madj(177,699) = 1;
madj(177,195) = 1;
madj(177,199) = 1;
madj(177,204) = 1;
madj(177,721) = 1;
madj(177,212) = 1;
madj(177,213) = 1;
madj(177,216) = 1;
madj(177,221) = 1;
madj(177,379) = 1;
madj(177,740) = 1;
madj(177,229) = 1;
madj(177,230) = 1;
madj(177,752) = 1;
madj(177,755) = 1;
madj(177,756) = 1;
madj(177,270) = 1;
madj(177,787) = 1;
madj(177,788) = 1;
madj(177,280) = 1;
madj(177,281) = 1;
madj(177,795) = 1;
madj(177,287) = 1;
madj(177,803) = 1;
madj(177,296) = 1;
madj(177,297) = 1;
madj(177,304) = 1;
madj(177,820) = 1;
madj(177,825) = 1;
madj(177,835) = 1;
madj(177,837) = 1;
madj(177,840) = 1;
madj(177,841) = 1;
madj(177,843) = 1;
madj(177,847) = 1;
madj(177,851) = 1;
madj(177,862) = 1;
madj(177,863) = 1;
madj(177,867) = 1;
madj(177,875) = 1;
madj(177,365) = 1;
madj(177,883) = 1;
madj(177,884) = 1;
madj(177,376) = 1;
madj(177,891) = 1;
madj(177,894) = 1;
madj(177,900) = 1;
madj(177,397) = 1;
madj(177,323) = 1;
madj(177,400) = 1;
madj(177,913) = 1;
madj(177,240) = 1;
madj(177,925) = 1;
madj(177,933) = 1;
madj(177,935) = 1;
madj(177,936) = 1;
madj(177,1011) = 1;
madj(177,954) = 1;
madj(177,453) = 1;
madj(177,116) = 1;
madj(177,471) = 1;
madj(177,473) = 1;
madj(177,989) = 1;
madj(177,991) = 1;
madj(177,1006) = 1;
madj(177,498) = 1;
madj(177,499) = 1;
madj(177,500) = 1;
madj(177,1015) = 1;
madj(177,1020) = 1;
madj(177,171) = 1;
madj(271,311) = 1;
madj(271,727) = 1;
madj(705,833) = 1;
madj(705,899) = 1;
madj(705,837) = 1;
madj(705,293) = 1;
madj(705,946) = 1;
madj(705,149) = 1;
madj(705,662) = 1;
madj(705,23) = 1;
madj(705,344) = 1;
madj(705,730) = 1;
madj(705,894) = 1;
madj(705,287) = 1;
madj(894,23) = 1;
madj(894,28) = 1;
madj(894,541) = 1;
madj(894,689) = 1;
madj(894,553) = 1;
madj(894,554) = 1;
madj(894,49) = 1;
madj(894,50) = 1;
madj(894,573) = 1;
madj(894,574) = 1;
madj(894,577) = 1;
madj(894,578) = 1;
madj(894,582) = 1;
madj(894,73) = 1;
madj(894,594) = 1;
madj(894,600) = 1;
madj(894,605) = 1;
madj(894,95) = 1;
madj(894,612) = 1;
madj(894,101) = 1;
madj(894,615) = 1;
madj(894,616) = 1;
madj(894,105) = 1;
madj(894,109) = 1;
madj(894,111) = 1;
madj(894,112) = 1;
madj(894,617) = 1;
madj(894,117) = 1;
madj(894,631) = 1;
madj(894,123) = 1;
madj(894,448) = 1;
madj(894,125) = 1;
madj(894,642) = 1;
madj(894,648) = 1;
madj(894,664) = 1;
madj(894,665) = 1;
madj(894,668) = 1;
madj(894,669) = 1;
madj(894,670) = 1;
madj(894,160) = 1;
madj(894,167) = 1;
madj(894,172) = 1;
madj(894,173) = 1;
madj(894,177) = 1;
madj(894,179) = 1;
madj(894,692) = 1;
madj(894,705) = 1;
madj(894,211) = 1;
madj(894,726) = 1;
madj(894,731) = 1;
madj(894,221) = 1;
madj(894,222) = 1;
madj(894,737) = 1;
madj(894,124) = 1;
madj(894,230) = 1;
madj(894,756) = 1;
madj(894,762) = 1;
madj(894,254) = 1;
madj(894,768) = 1;
madj(894,794) = 1;
madj(894,282) = 1;
madj(894,795) = 1;
madj(894,796) = 1;
madj(894,287) = 1;
madj(894,289) = 1;
madj(894,803) = 1;
madj(894,812) = 1;
madj(894,814) = 1;
madj(894,304) = 1;
madj(894,835) = 1;
madj(894,836) = 1;
madj(894,837) = 1;
madj(894,329) = 1;
madj(894,844) = 1;
madj(894,336) = 1;
madj(894,856) = 1;
madj(894,347) = 1;
madj(894,742) = 1;
madj(894,353) = 1;
madj(894,368) = 1;
madj(894,376) = 1;
madj(894,891) = 1;
madj(894,895) = 1;
madj(894,397) = 1;
madj(894,323) = 1;
madj(894,404) = 1;
madj(894,922) = 1;
madj(894,924) = 1;
madj(894,925) = 1;
madj(894,926) = 1;
madj(894,939) = 1;
madj(894,440) = 1;
madj(894,960) = 1;
madj(894,449) = 1;
madj(894,969) = 1;
madj(894,458) = 1;
madj(894,460) = 1;
madj(894,470) = 1;
madj(894,471) = 1;
madj(894,475) = 1;
madj(894,476) = 1;
madj(894,478) = 1;
madj(894,483) = 1;
madj(894,999) = 1;
madj(894,1004) = 1;
madj(894,1009) = 1;
madj(920,460) = 1;
madj(920,70) = 1;
madj(924,899) = 1;
madj(924,134) = 1;
madj(924,777) = 1;
madj(924,650) = 1;
madj(924,472) = 1;
madj(924,15) = 1;
madj(924,925) = 1;
madj(924,414) = 1;
madj(924,6) = 1;
madj(924,673) = 1;
madj(924,861) = 1;
madj(924,427) = 1;
madj(924,691) = 1;
madj(924,687) = 1;
madj(924,48) = 1;
madj(924,177) = 1;
madj(924,9) = 1;
