function [ madj ] = ja_ja_writer_1_adj_mat()
% adjacent 1034x1034 matrix generated by GraphExtractor
% GraphExtractor (C) 2012 Hitoshi Yamauchi, Sunday Research
% sparse(1:n, 1:n, 1) create sparse I
madj = sparse(1034, 1034);
madj(23,705) = 1;
madj(23,932) = 1;
madj(23,293) = 1;
madj(23,594) = 1;
madj(23,939) = 1;
madj(23,460) = 1;
madj(23,656) = 1;
madj(23,850) = 1;
madj(23,339) = 1;
madj(23,149) = 1;
madj(23,344) = 1;
madj(23,165) = 1;
madj(23,156) = 1;
madj(23,287) = 1;
madj(43,353) = 1;
madj(43,875) = 1;
madj(43,844) = 1;
madj(125,177) = 1;
madj(125,612) = 1;
madj(125,965) = 1;
madj(125,470) = 1;
madj(167,227) = 1;
madj(167,998) = 1;
madj(167,295) = 1;
madj(167,392) = 1;
madj(167,619) = 1;
madj(167,635) = 1;
madj(167,957) = 1;
madj(167,894) = 1;
madj(173,737) = 1;
madj(173,531) = 1;
madj(173,243) = 1;
madj(173,160) = 1;
madj(173,499) = 1;
madj(173,847) = 1;
madj(173,112) = 1;
madj(173,850) = 1;
madj(173,19) = 1;
madj(173,692) = 1;
madj(173,886) = 1;
madj(173,1015) = 1;
madj(173,538) = 1;
madj(173,954) = 1;
madj(173,475) = 1;
madj(173,304) = 1;
madj(173,509) = 1;
madj(173,379) = 1;
madj(173,768) = 1;
madj(177,835) = 1;
madj(177,619) = 1;
madj(177,101) = 1;
madj(177,230) = 1;
madj(177,199) = 1;
madj(177,179) = 1;
madj(177,669) = 1;
madj(177,683) = 1;
madj(177,803) = 1;
madj(177,240) = 1;
madj(177,49) = 1;
madj(177,19) = 1;
madj(177,756) = 1;
madj(177,95) = 1;
madj(177,23) = 1;
madj(177,954) = 1;
madj(177,123) = 1;
madj(177,125) = 1;
madj(177,894) = 1;
madj(177,287) = 1;
madj(271,311) = 1;
madj(271,727) = 1;
madj(705,899) = 1;
madj(705,837) = 1;
madj(705,293) = 1;
madj(705,946) = 1;
madj(705,149) = 1;
madj(705,662) = 1;
madj(705,23) = 1;
madj(705,344) = 1;
madj(705,730) = 1;
madj(705,894) = 1;
madj(705,287) = 1;
madj(894,642) = 1;
madj(894,172) = 1;
madj(894,960) = 1;
madj(894,648) = 1;
madj(894,856) = 1;
madj(894,397) = 1;
madj(894,705) = 1;
madj(894,922) = 1;
madj(894,304) = 1;
madj(894,404) = 1;
madj(894,23) = 1;
madj(894,664) = 1;
madj(894,665) = 1;
madj(894,282) = 1;
madj(894,795) = 1;
madj(894,28) = 1;
madj(894,347) = 1;
madj(894,670) = 1;
madj(894,287) = 1;
madj(894,160) = 1;
madj(894,289) = 1;
madj(894,177) = 1;
madj(894,803) = 1;
madj(894,796) = 1;
madj(894,167) = 1;
madj(894,553) = 1;
madj(894,221) = 1;
madj(894,939) = 1;
madj(894,812) = 1;
madj(894,173) = 1;
madj(894,814) = 1;
madj(894,926) = 1;
madj(894,49) = 1;
madj(894,50) = 1;
madj(894,692) = 1;
madj(894,669) = 1;
madj(894,112) = 1;
madj(894,689) = 1;
madj(894,573) = 1;
madj(894,574) = 1;
madj(894,448) = 1;
madj(894,449) = 1;
madj(894,578) = 1;
madj(894,835) = 1;
madj(894,836) = 1;
madj(894,582) = 1;
madj(894,458) = 1;
madj(894,600) = 1;
madj(894,844) = 1;
madj(894,924) = 1;
madj(894,336) = 1;
madj(894,594) = 1;
madj(894,211) = 1;
madj(894,460) = 1;
madj(894,731) = 1;
madj(894,476) = 1;
madj(894,605) = 1;
madj(894,478) = 1;
madj(894,95) = 1;
madj(894,230) = 1;
madj(894,737) = 1;
madj(894,483) = 1;
madj(894,101) = 1;
madj(894,615) = 1;
madj(894,999) = 1;
madj(894,105) = 1;
madj(894,925) = 1;
madj(894,475) = 1;
madj(894,109) = 1;
madj(894,111) = 1;
madj(894,368) = 1;
madj(894,222) = 1;
madj(894,756) = 1;
madj(894,117) = 1;
madj(894,631) = 1;
madj(894,554) = 1;
madj(894,762) = 1;
madj(894,124) = 1;
madj(894,254) = 1;
madj(894,895) = 1;
madj(894,768) = 1;
madj(920,460) = 1;
madj(920,70) = 1;
madj(924,705) = 1;
madj(924,867) = 1;
madj(924,125) = 1;
madj(924,589) = 1;
madj(924,563) = 1;
madj(924,177) = 1;
madj(924,883) = 1;
madj(924,1015) = 1;
madj(924,650) = 1;
madj(924,925) = 1;
