function [ madj ] = ja_ja_writer_adj_mat()
% adjacent 1034x1034 matrix generated by GraphExtractor
% GraphExtractor (C) 2012 Hitoshi Yamauchi, Sunday Research
% sparse(1:n, 1:n, 1) create sparse I
madj = sparse(1034, 1034);
madj(1,875) = 1;
madj(3,714) = 1;
madj(4,625) = 1;
madj(4,222) = 1;
madj(4,375) = 1;
madj(6,843) = 1;
madj(6,803) = 1;
madj(6,128) = 1;
madj(10,697) = 1;
madj(10,578) = 1;
madj(10,228) = 1;
madj(11,105) = 1;
madj(11,205) = 1;
madj(11,594) = 1;
madj(11,664) = 1;
madj(11,665) = 1;
madj(11,894) = 1;
madj(12,843) = 1;
madj(12,998) = 1;
madj(12,183) = 1;
madj(12,720) = 1;
madj(13,65) = 1;
madj(13,324) = 1;
madj(13,446) = 1;
madj(13,590) = 1;
madj(14,554) = 1;
madj(14,324) = 1;
madj(16,177) = 1;
madj(16,803) = 1;
madj(16,101) = 1;
madj(16,17) = 1;
madj(16,979) = 1;
madj(16,729) = 1;
madj(16,926) = 1;
madj(16,64) = 1;
madj(17,16) = 1;
madj(19,451) = 1;
madj(19,460) = 1;
madj(19,173) = 1;
madj(19,240) = 1;
madj(19,886) = 1;
madj(19,1015) = 1;
madj(19,920) = 1;
madj(19,954) = 1;
madj(19,304) = 1;
madj(21,219) = 1;
madj(22,191) = 1;
madj(23,705) = 1;
madj(23,932) = 1;
madj(23,293) = 1;
madj(23,594) = 1;
madj(23,939) = 1;
madj(23,460) = 1;
madj(23,656) = 1;
madj(23,850) = 1;
madj(23,339) = 1;
madj(23,149) = 1;
madj(23,344) = 1;
madj(23,165) = 1;
madj(23,156) = 1;
madj(23,287) = 1;
madj(28,43) = 1;
madj(28,1004) = 1;
madj(28,894) = 1;
madj(29,642) = 1;
madj(29,387) = 1;
madj(29,279) = 1;
madj(29,1032) = 1;
madj(29,396) = 1;
madj(29,397) = 1;
madj(29,782) = 1;
madj(29,918) = 1;
madj(29,919) = 1;
madj(29,619) = 1;
madj(29,104) = 1;
madj(29,541) = 1;
madj(29,926) = 1;
madj(29,454) = 1;
madj(29,803) = 1;
madj(29,552) = 1;
madj(29,669) = 1;
madj(29,43) = 1;
madj(29,584) = 1;
madj(29,557) = 1;
madj(29,50) = 1;
madj(29,254) = 1;
madj(29,696) = 1;
madj(29,954) = 1;
madj(29,608) = 1;
madj(29,573) = 1;
madj(29,831) = 1;
madj(29,64) = 1;
madj(29,225) = 1;
madj(29,963) = 1;
madj(29,837) = 1;
madj(29,582) = 1;
madj(29,72) = 1;
madj(29,972) = 1;
madj(29,731) = 1;
madj(29,992) = 1;
madj(29,353) = 1;
madj(29,392) = 1;
madj(29,742) = 1;
madj(29,488) = 1;
madj(29,107) = 1;
madj(29,108) = 1;
madj(29,112) = 1;
madj(29,369) = 1;
madj(29,883) = 1;
madj(29,1015) = 1;
madj(29,248) = 1;
madj(29,894) = 1;
madj(30,821) = 1;
madj(30,406) = 1;
madj(30,888) = 1;
madj(33,456) = 1;
madj(34,163) = 1;
madj(34,167) = 1;
madj(34,71) = 1;
madj(34,714) = 1;
madj(34,664) = 1;
madj(34,476) = 1;
madj(43,353) = 1;
madj(43,875) = 1;
madj(43,844) = 1;
madj(44,979) = 1;
madj(44,720) = 1;
madj(45,482) = 1;
madj(45,588) = 1;
madj(45,855) = 1;
madj(46,665) = 1;
madj(46,997) = 1;
madj(46,227) = 1;
madj(46,277) = 1;
madj(47,177) = 1;
madj(47,101) = 1;
madj(48,913) = 1;
madj(48,483) = 1;
madj(48,781) = 1;
madj(48,687) = 1;
madj(48,177) = 1;
madj(48,820) = 1;
madj(48,281) = 1;
madj(48,669) = 1;
madj(49,737) = 1;
madj(49,924) = 1;
madj(49,615) = 1;
madj(49,470) = 1;
madj(49,844) = 1;
madj(49,179) = 1;
madj(49,177) = 1;
madj(49,563) = 1;
madj(49,756) = 1;
madj(49,287) = 1;
madj(49,954) = 1;
madj(49,156) = 1;
madj(49,125) = 1;
madj(49,894) = 1;
madj(49,95) = 1;
madj(49,128) = 1;
madj(50,705) = 1;
madj(50,805) = 1;
madj(50,167) = 1;
madj(50,405) = 1;
madj(50,101) = 1;
madj(50,894) = 1;
madj(54,1022) = 1;
madj(55,59) = 1;
madj(55,167) = 1;
madj(58,482) = 1;
madj(58,739) = 1;
madj(58,71) = 1;
madj(58,236) = 1;
madj(58,45) = 1;
madj(58,912) = 1;
madj(59,34) = 1;
madj(59,875) = 1;
madj(59,978) = 1;
madj(59,71) = 1;
madj(59,714) = 1;
madj(60,912) = 1;
madj(61,646) = 1;
madj(61,766) = 1;
madj(61,440) = 1;
madj(62,936) = 1;
madj(63,556) = 1;
madj(63,396) = 1;
madj(63,392) = 1;
madj(63,619) = 1;
madj(63,844) = 1;
madj(63,308) = 1;
madj(63,597) = 1;
madj(63,343) = 1;
madj(64,963) = 1;
madj(64,803) = 1;
madj(64,262) = 1;
madj(64,744) = 1;
madj(64,457) = 1;
madj(64,971) = 1;
madj(64,531) = 1;
madj(64,16) = 1;
madj(64,305) = 1;
madj(64,883) = 1;
madj(64,731) = 1;
madj(64,476) = 1;
madj(64,605) = 1;
madj(64,926) = 1;
madj(65,154) = 1;
madj(66,995) = 1;
madj(66,324) = 1;
madj(66,997) = 1;
madj(66,554) = 1;
madj(66,275) = 1;
madj(66,302) = 1;
madj(66,591) = 1;
madj(66,690) = 1;
madj(66,371) = 1;
madj(66,244) = 1;
madj(66,117) = 1;
madj(66,87) = 1;
madj(66,476) = 1;
madj(67,972) = 1;
madj(67,397) = 1;
madj(67,1022) = 1;
madj(67,31) = 1;
madj(68,906) = 1;
madj(70,451) = 1;
madj(70,460) = 1;
madj(70,920) = 1;
madj(71,58) = 1;
madj(71,59) = 1;
madj(72,418) = 1;
madj(72,259) = 1;
madj(72,581) = 1;
madj(72,742) = 1;
madj(72,167) = 1;
madj(72,1032) = 1;
madj(72,541) = 1;
madj(72,107) = 1;
madj(72,387) = 1;
madj(72,309) = 1;
madj(72,29) = 1;
madj(72,875) = 1;
madj(72,287) = 1;
madj(72,582) = 1;
madj(73,101) = 1;
madj(73,744) = 1;
madj(73,74) = 1;
madj(73,619) = 1;
madj(73,972) = 1;
madj(73,19) = 1;
madj(73,763) = 1;
madj(73,924) = 1;
madj(74,73) = 1;
madj(74,764) = 1;
madj(75,775) = 1;
madj(75,664) = 1;
madj(76,222) = 1;
madj(76,375) = 1;
madj(77,695) = 1;
madj(82,1010) = 1;
madj(83,452) = 1;
madj(83,167) = 1;
madj(83,392) = 1;
madj(83,651) = 1;
madj(83,620) = 1;
madj(83,240) = 1;
madj(83,369) = 1;
madj(83,183) = 1;
madj(83,541) = 1;
madj(83,992) = 1;
madj(84,188) = 1;
madj(85,809) = 1;
madj(87,812) = 1;
madj(87,367) = 1;
madj(89,226) = 1;
madj(89,963) = 1;
madj(89,748) = 1;
madj(89,125) = 1;
madj(89,239) = 1;
madj(90,470) = 1;
madj(91,482) = 1;
madj(91,995) = 1;
madj(91,924) = 1;
madj(92,785) = 1;
madj(92,681) = 1;
madj(92,554) = 1;
madj(92,177) = 1;
madj(92,23) = 1;
madj(92,538) = 1;
madj(92,607) = 1;
madj(93,678) = 1;
madj(93,863) = 1;
madj(95,578) = 1;
madj(95,228) = 1;
madj(95,425) = 1;
madj(95,939) = 1;
madj(95,812) = 1;
madj(95,49) = 1;
madj(95,883) = 1;
madj(95,692) = 1;
madj(95,894) = 1;
madj(95,287) = 1;
madj(97,731) = 1;
madj(97,875) = 1;
madj(97,107) = 1;
madj(97,726) = 1;
madj(98,250) = 1;
madj(98,726) = 1;
madj(99,990) = 1;
madj(99,367) = 1;
madj(100,971) = 1;
madj(100,196) = 1;
madj(100,222) = 1;
madj(101,721) = 1;
madj(101,835) = 1;
madj(101,230) = 1;
madj(101,613) = 1;
madj(101,870) = 1;
madj(101,7) = 1;
madj(101,585) = 1;
madj(101,454) = 1;
madj(101,844) = 1;
madj(101,528) = 1;
madj(101,177) = 1;
madj(101,531) = 1;
madj(101,693) = 1;
madj(101,731) = 1;
madj(101,894) = 1;
madj(101,863) = 1;
madj(101,448) = 1;
madj(103,59) = 1;
madj(104,29) = 1;
madj(105,451) = 1;
madj(105,644) = 1;
madj(105,594) = 1;
madj(105,341) = 1;
madj(105,23) = 1;
madj(105,665) = 1;
madj(105,222) = 1;
madj(105,448) = 1;
madj(107,459) = 1;
madj(107,731) = 1;
madj(107,531) = 1;
madj(107,582) = 1;
madj(109,653) = 1;
madj(109,470) = 1;
madj(109,631) = 1;
madj(110,171) = 1;
madj(111,705) = 1;
madj(112,705) = 1;
madj(112,594) = 1;
madj(112,252) = 1;
madj(112,391) = 1;
madj(113,995) = 1;
madj(113,744) = 1;
madj(113,887) = 1;
madj(113,216) = 1;
madj(114,247) = 1;
madj(116,867) = 1;
madj(116,388) = 1;
madj(116,619) = 1;
madj(116,911) = 1;
madj(116,255) = 1;
madj(116,603) = 1;
madj(116,863) = 1;
madj(116,128) = 1;
madj(117,66) = 1;
madj(117,293) = 1;
madj(117,999) = 1;
madj(117,167) = 1;
madj(117,112) = 1;
madj(117,404) = 1;
madj(117,476) = 1;
madj(117,894) = 1;
madj(117,95) = 1;
madj(117,448) = 1;
madj(119,575) = 1;
madj(121,124) = 1;
madj(123,49) = 1;
madj(123,293) = 1;
madj(123,578) = 1;
madj(123,573) = 1;
madj(123,619) = 1;
madj(123,781) = 1;
madj(123,179) = 1;
madj(123,911) = 1;
madj(123,177) = 1;
madj(123,883) = 1;
madj(123,470) = 1;
madj(123,696) = 1;
madj(123,1018) = 1;
madj(123,125) = 1;
madj(123,43) = 1;
madj(124,121) = 1;
madj(124,194) = 1;
madj(124,179) = 1;
madj(124,756) = 1;
madj(124,531) = 1;
madj(125,177) = 1;
madj(125,612) = 1;
madj(125,965) = 1;
madj(125,470) = 1;
madj(127,201) = 1;
madj(127,482) = 1;
madj(127,183) = 1;
madj(128,578) = 1;
madj(128,136) = 1;
madj(128,235) = 1;
madj(128,499) = 1;
madj(128,595) = 1;
madj(128,448) = 1;
madj(129,705) = 1;
madj(129,247) = 1;
madj(129,163) = 1;
madj(129,741) = 1;
madj(129,599) = 1;
madj(129,231) = 1;
madj(129,969) = 1;
madj(129,812) = 1;
madj(129,304) = 1;
madj(129,850) = 1;
madj(129,692) = 1;
madj(129,662) = 1;
madj(129,23) = 1;
madj(129,986) = 1;
madj(129,1012) = 1;
